filename	imageID	brightness_median	brightness_stdev	saturation_median	saturation_stdev	hue_median	hue_stdev	date
EPH-PT-1-109-002.jpg	25	196	83.7032	153	70.4487	30	56.0239	1953.00
EPH-PT-1-19-002.jpg	141	106	57.2224	38	27.3413	47	61.0508	1961.00
EPH-PT-1-2-001.jpg	142	191	79.3803	171	67.3608	29	53.7977	1961.00
EPH-PT-1-105-002.jpg	17	205	87.7027	15	36.5927	42	78.9009	1952.00
EPH-PT-1-106-001.jpg	18	194	82.8647	123	98.2555	146	24.7007	1940.00
EPH-PT-2-1-001.jpg	328	191	78.107	31	31.6565	154	53.1123	1985.00
EPH-PT-2-10-001.jpg	330	190	80.3334	11	48.2176	35	88.5446	1985.00
EPH-PT-2-11-001.jpg	352	193	80.6811	10	50.2986	51	87.3144	1986.00
EPH-PT-2-12-001.jpg	374	196	81.2861	10	50.3762	49	88.7235	1986.00
EPH-PT-1-55.jpg	224	163	48.0649	49	41.6124	95	38.7685	1976.00
EPH-PT-2-100-001.jpg	332	109	63.858	70	48.1949	30	75.2467	1985.00
EPH-PT-2-101-001.jpg	334	129	63.5277	66	43.5046	36	68.5753	1985.00
EPH-PT-2-102-001.jpg	336	150	72.0237	25	45.8751	113	83.4457	1985.00
EPH-PT-2-103-001.jpg	338	127	69.4695	39	48.8914	36	70.6806	1985.00
EPH-PT-2-104-001.jpg	340	89	63.483	49	33.4208	42	71.2862	1985.00
EPH-PT-2-105-001.jpg	342	89	63.146	51	33.5841	42	71.2724	1985.00
EPH-PT-2-106-001.jpg	344	105	64.9506	33	37.1538	155	82.2979	1986.00
EPH-PT-2-107-001.jpg	346	145	66.099	67	44.6034	26	73.6767	1986.00
EPH-PT-2-108-001.jpg	348	144	65.8988	72	45.2131	25	72.9973	1986.00
EPH-PT-2-109-001.jpg	350	76	68.4187	44	48.9425	28	84.8285	1986.00
EPH-PT-2-110-001.jpg	354	86	64.2511	41	38.2037	30	86.5929	1986.00
EPH-PT-2-111-001.jpg	356	69	70.9014	52	47.4819	29	71.4753	1986.00
EPH-PT-2-112-001.jpg	358	148	78.8473	36	47.339	137	79.022	1986.00
EPH-PT-2-113-001.jpg	360	166	74.0342	31	57.9159	42	81.3491	1986.00
EPH-PT-2-114-001.jpg	362	169	76.8895	29	35.5206	79	69.3855	1986.00
EPH-PT-2-115-001.jpg	364	178	72.5221	32	54.5788	129	80.3349	1986.00
EPH-PT-2-116-001.jpg	366	167	73.0018	59	63.2549	32	89.4234	1986.00
EPH-PT-2-117-001.jpg	368	115	72.6528	36	54.7996	46	83.6495	1986.00
EPH-PT-2-118-001.jpg	370	55	72.1251	28	43.8641	135	75.2448	1986.00
EPH-PT-2-119-001.jpg	372	94	70.1453	34	54.4641	44	92.4976	1986.00
EPH-PT-2-120-001.jpg	376	75	68.3239	30	41.8976	155	84.3726	1986.00
EPH-PT-2-121-001.jpg	378	169	68.1802	35	70.1683	149	84.8915	2006.00
EPH-PT-2-122-001.jpg	380	163	67.7381	32	35.1058	151	79.8304	2006.00
EPH-PT-1-43-001.jpg	196	49	65.4859	81	44.6945	37	62.0888	1980.00
EPH-PT-1-43-002.jpg	197	56	68.3027	79	44.7315	37	60.7612	1980.00
EPH-PT-1-46-002.jpg	203	116	83.2652	41	77.6701	106	65.2927	1985.00
EPH-PT-1-47-001.jpg	204	155	66.0466	166	83.4329	100	43.0206	1980.00
EPH-PT-1-47-002.jpg	205	156	64.3965	166	83.9744	100	41.7133	1975.00
EPH-PT-1-48-001.jpg	206	80	82.2829	62	50.2967	27	59.8725	1975.00
EPH-PT-1-49-001.jpg	208	76	82.297	63	48.9072	26	62.3934	1980.00
EPH-PT-1-49-002.jpg	209	83	82.4241	57	48.1807	26	61.6641	1981.00
EPH-PT-1-5-001.jpg	210	210	88.2684	127	66.1634	12	62.1435	1981.00
EPH-PT-1-5-002.jpg	211	187	90.8844	103	67.954	14	67.4485	1982.00
EPH-PT-1-50-001.jpg	212	84	81.5027	52	51.4603	29	59.7368	1982.00
EPH-PT-1-50-002.jpg	213	89	81.0903	46	50.654	29	55.7864	1984.00
EPH-PT-1-51-001.jpg	214	219	89.6765	7	16.9342	42	73.0936	1959.00
EPH-PT-1-51-002.jpg	215	219	87.9197	7	18.2584	42	71.99	1969.00
EPH-PT-1-52-001.jpg	216	220	90.1769	9	17.1061	35	72.9102	1969.00
EPH-PT-1-52-002.jpg	217	220	88.2861	8	18.7966	35	68.6361	1969.00
EPH-PT-1-53-001.jpg	218	152	56.5294	185	64.7079	10	63.1911	1974.00
EPH-PT-1-53-002.jpg	219	153	54.4009	184	67.2396	10	60.6935	1976.00
EPH-PT-1-54-001.jpg	220	189	86.3097	10	59.3092	34	68.6892	1976.00
EPH-PT-1-54-002.jpg	221	220	84.4924	9	59.1006	34	67.8685	1976.00
EPH-PT-1-55-001.jpg	222	210	71.3279	180	56.5825	240	114.2249	1976.00
EPH-PT-1-55-002.jpg	223	211	73.7727	179	60.445	233	113.7911	1976.00
EPH-PT-1-56-001.jpg	225	218	87.5072	10	69.3714	42	95.4196	1976.00
EPH-PT-1-56-002.jpg	226	224	84.4696	6	69.7681	42	95.253	1976.00
EPH-PT-1-57-001.jpg	227	222	89.7971	14	68.3375	34	90.8034	1977.00
EPH-PT-1-57-002.jpg	228	223	87.5153	13	68.6512	34	90.7777	1977.00
EPH-PT-1-58-001.jpg	229	225	86.005	3	52.214	51	83.0149	1977.00
EPH-PT-1-58-002.jpg	230	225	82.9712	3	52.3418	42	83.4594	1977.00
EPH-PT-1-59-001.jpg	231	227	88.4634	7	58.867	42	77.2797	1977.00
EPH-PT-1-59-002.jpg	232	227	86.1954	6	59.1332	42	77.5786	1977.00
EPH-PT-1-6-001.jpg	233	210	89.2783	127	66.6282	12	64.1356	1977.00
EPH-PT-1-6-002.jpg	234	190	91.2959	100	67.4429	13	70.9042	1977.00
EPH-PT-1-60-001.jpg	235	32	80.5496	40	58.4191	70	70.3167	1977.00
EPH-PT-1-60-002.jpg	236	32	83.6361	41	59.0954	71	69.359	1977.00
EPH-PT-1-61-001.jpg	237	231	86.7795	28	26.1738	29	59.8712	1977.00
EPH-PT-1-61-002.jpg	238	231	82.7642	28	26.4878	29	58.4597	1977.00
EPH-PT-1-62-001.jpg	239	215	76.9994	21	42.2704	34	61.9113	1977.00
EPH-PT-1-62-002.jpg	240	217	73.7882	21	42.7228	34	60.085	1977.00
EPH-PT-1-63-001.jpg	241	171	77.2408	119	109.8211	152	54.3469	1977.00
EPH-PT-1-63-002.jpg	242	173	75.8523	112	111.2018	151	56.4018	1977.00
EPH-PT-1-64-001.jpg	243	226	88.4692	6	41.6545	34	69.1437	1977.00
EPH-PT-1-64-002.jpg	244	225	84.4798	5	41.459	34	67.5869	1977.00
EPH-PT-1-65-001.jpg	245	26	71.7088	70	52.3236	135	62.1892	1977.00
EPH-PT-1-65-002.jpg	246	27	75.1657	66	49.8886	135	61.9256	1977.00
EPH-PT-1-66-001.jpg	247	212	75.163	13	44.178	31	84.832	1977.00
EPH-PT-1-66-002.jpg	248	205	80.6436	12	42.5489	34	80.1961	1977.00
EPH-PT-1-67-001.jpg	249	113	65.2583	34	30.2583	18	85.0597	1977.00
EPH-PT-1-67-002.jpg	250	110	70.0756	33	30.8579	23	82.8801	1978.00
EPH-PT-1-68-001.jpg	251	112	66.2672	149	69.1152	116	24.5988	1979.00
EPH-PT-1-68-002.jpg	252	118	66.641	150	69.1997	117	26.6427	1979.00
EPH-PT-1-69-001.jpg	253	192	77.558	29	39.1481	126	84.8547	1980.00
EPH-PT-1-69-002.jpg	254	197	73.2909	27	39.8072	112	84.7963	1981.00
EPH-PT-1-7-001.jpg	255	98	75.8294	97	55.6477	14	76.4186	1983.00
EPH-PT-1-7-002.jpg	256	101	73.7936	94	58.0757	12	75.2327	1984.00
EPH-PT-1-70-001.jpg	257	173	72.4401	58	65.8165	155	92.9508	1984.00
EPH-PT-1-70-002.jpg	258	230	75.1082	8	16.1899	34	64.9823	1984.00
EPH-PT-1-70-003.jpg	259	175	71.7948	63	66.3323	145	92.1374	1984.00
EPH-PT-1-71-001.jpg	260	171	72.0927	64	65.5268	155	90.7035	1984.00
EPH-PT-1-71-002.jpg	261	231	75.3671	6	17.1362	34	66.3588	1985.00
EPH-PT-1-71-003.jpg	262	172	69.8739	65	65.9551	146	90.8224	1985.00
EPH-PT-1-72-001.jpg	263	170	71.7433	67	64.4463	152	90.2493	1985.00
EPH-PT-1-72-002.jpg	264	231	75.4555	7	16.908	34	66.0564	1985.00
EPH-PT-1-72-003.jpg	265	174	71.5003	69	64.7646	145	89.9268	1985.00
EPH-PT-1-73-001.jpg	266	207	75.1937	50	36.7444	33	54.278	1985.00
EPH-PT-1-73-002.jpg	267	207	70.506	50	37.6451	33	52.421	1985.00
EPH-PT-1-74-001.jpg	268	40	87.506	18	18.4332	155	75.4429	1985.00
EPH-PT-1-74-002.jpg	269	42	88.8497	16	17.6155	155	75.5158	1985.00
EPH-PT-1-75-001.jpg	270	41	87.2566	18	17.521	155	76.2873	1985.00
EPH-PT-1-75-002.jpg	271	41	88.8043	18	18.904	155	73.9752	1985.00
EPH-PT-1-76-001.jpg	272	223	82.7706	5	20.2947	42	64.3944	1985.00
EPH-PT-1-76-002.jpg	273	225	80.1777	5	21.3934	42	62.8595	1985.00
EPH-PT-1-77-001.jpg	274	184	70.3313	42	61.2426	105	55.9854	1985.00
EPH-PT-1-77-002.jpg	275	187	68.5699	39	61.5989	104	56.8683	1985.00
EPH-PT-1-78-001.jpg	276	185	69.6967	42	65.9296	108	53.9465	1985.00
EPH-PT-1-78-002.jpg	277	186	66.9994	36	66.1126	107	55.3562	1985.00
EPH-PT-1-79-001.jpg	278	230	75.2766	10	30.9351	35	60.2931	1985.00
EPH-PT-1-79-002.jpg	279	231	74.421	10	30.633	35	59.7516	1985.00
EPH-PT-1-8-001.jpg	280	86	82.3473	47	58.5757	47	73.5021	1985.00
EPH-PT-1-8-002.jpg	281	107	82.513	48	59.2986	49	70.7803	1985.00
EPH-PT-1-80-001.jpg	282	229	74.5975	6	27.0984	35	67.7672	1985.00
EPH-PT-1-80-002.jpg	283	230	70.8218	6	27.2239	35	66.609	1985.00
EPH-PT-1-81-001.jpg	284	123	78.9956	51	58.7038	125	52.3855	1985.00
EPH-PT-1-81-002.jpg	285	232	93.738	5	17.663	51	61.6086	1985.00
EPH-PT-1-81-003.jpg	286	127	78.4941	47	58.8667	125	52.3518	1985.00
EPH-PT-1-82-001.jpg	287	121	78.1362	51	63.2174	127	51.3913	1985.00
EPH-PT-1-82-002.jpg	288	232	93.8097	6	17.8787	49	61.7198	1985.00
EPH-PT-1-82-003.jpg	289	125	77.986	48	63.6432	127	50.9632	1985.00
EPH-PT-1-83-001.jpg	290	221	80.8905	24	49.8909	31	62.9934	1985.00
EPH-PT-1-83-002.jpg	291	220	76.5447	23	50.5166	31	62.296	1985.00
EPH-PT-1-84-001.jpg	292	219	81.1793	25	56.3908	35	70.1244	1985.00
EPH-PT-1-84-002.jpg	293	220	77.6658	24	56.837	35	69.6644	1985.00
EPH-PT-1-85-001.jpg	294	219	81.6516	27	52.4623	35	72.5136	1985.00
EPH-PT-1-85-002.jpg	295	222	78.1209	25	53.0137	35	69.9975	1985.00
EPH-PT-1-86-001.jpg	296	220	81.105	26	53.687	35	73.1486	1985.00
EPH-PT-1-86-002.jpg	297	220	77.1455	24	54.1829	35	73.0146	1985.00
EPH-PT-1-87-001.jpg	298	220	79.5928	14	30.4329	35	63.3471	1985.00
EPH-PT-1-87-002.jpg	299	222	75.972	12	30.9414	35	62.9778	1985.00
EPH-PT-1-88-001.jpg	300	221	79.9658	12	29.0514	35	64.1044	1985.00
EPH-PT-1-88-002.jpg	301	221	76.2221	11	29.646	35	63.4242	1985.00
EPH-PT-1-89-001.jpg	302	221	80.5494	15	28.6888	35	63.2954	1985.00
EPH-PT-1-89-002.jpg	303	222	76.9468	14	29.0854	35	62.8274	1985.00
EPH-PT-1-9-001.jpg	304	180	77.7378	16	14.8927	42	70.0813	1985.00
EPH-PT-1-9-002.jpg	305	192	74.4623	15	15.0721	36	69.8512	1985.00
EPH-PT-1-90-001.jpg	306	221	80.1886	16	28.1397	35	63.8965	1985.00
EPH-PT-1-90-002.jpg	307	223	76.5768	16	28.7321	35	63.2515	1985.00
EPH-PT-1-91-001.jpg	308	191	72.8247	90	63.0598	31	66.7636	1985.00
EPH-PT-1-91-002.jpg	309	188	76.1103	72	63.0196	35	68.0567	1985.00
EPH-PT-1-92-001.jpg	310	194	68.1171	80	64.5348	31	51.217	1985.00
EPH-PT-1-92-002.jpg	311	190	70.7151	55	64.6357	34	55.0724	1985.00
EPH-PT-1-93-001.jpg	312	89	78.0064	60	62.1341	26	70.2555	1985.00
EPH-PT-1-93-002.jpg	313	90	77.9931	61	62.5311	26	69.2635	1985.00
EPH-PT-1-94-001.jpg	314	55	83.0222	27	22.4344	70	71.0564	1985.00
EPH-PT-1-94-002.jpg	315	205	83.0672	42	79.1959	106	60.8302	1985.00
EPH-PT-1-94-003.jpg	316	59	83.4371	27	23.125	70	70.8655	1985.00
EPH-PT-1-95-001.jpg	317	52	82.7734	26	22.0045	72	69.6868	1985.00
EPH-PT-1-95-002.jpg	318	199	81.4635	38	77.3835	105	60.3368	1985.00
EPH-PT-1-95-003.jpg	319	57	83.5311	26	22.5537	70	69.5758	1985.00
EPH-PT-1-96-001.jpg	320	81	80.4309	23	39.1986	143	72.6892	1985.00
EPH-PT-1-96-002.jpg	321	88	80.8725	23	39.5502	143	73.0577	1985.00
EPH-PT-1-97-001.jpg	322	52	66.1597	93	45.2953	31	60.6457	1985.00
EPH-PT-1-97-002.jpg	323	59	69.0326	91	45.6472	30	60.2419	1985.00
EPH-PT-1-98-001.jpg	324	225	78.0632	3	30.1743	42	71.5395	1985.00
EPH-PT-1-98-002.jpg	325	225	73.0746	3	28.9098	42	70.7519	1985.00
EPH-PT-1-99-001.jpg	326	193	86.1451	15	34.3665	51	68.835	1985.00
EPH-PT-1-99-002.jpg	327	203	84.582	13	34.643	51	68.9511	1985.00
EPH-PT-2-1-002.jpg	329	191	77.5148	32	31.9773	154	53.9459	1985.00
EPH-PT-2-10-002.jpg	331	193	79.5931	10	48.5126	42	87.7088	1985.00
EPH-PT-2-100-002.jpg	333	114	64.8043	70	48.4044	30	74.2356	1985.00
EPH-PT-2-101-002.jpg	335	137	64.0426	65	43.5634	36	68.4125	1985.00
EPH-PT-2-102-002.jpg	337	156	71.7706	24	45.9472	113	83.6807	1985.00
EPH-PT-2-103-002.jpg	339	126	68.5447	40	49.1574	36	70.984	1985.00
EPH-PT-2-104-002.jpg	341	99	65.1424	48	33.7259	42	71.1645	1985.00
EPH-PT-2-105-002.jpg	343	97	64.3439	50	33.9672	42	71.4986	1986.00
EPH-PT-2-106-002.jpg	345	110	65.2822	32	37.5476	155	82.9545	1986.00
EPH-PT-2-107-002.jpg	347	147	65.6775	68	44.9699	25	73.7843	1986.00
EPH-PT-2-108-002.jpg	349	145	65.3155	72	45.2602	25	72.8628	1986.00
EPH-PT-2-109-002.jpg	351	87	70.1676	43	48.9554	28	84.7002	1986.00
EPH-PT-2-11-002.jpg	353	195	79.4433	9	50.3568	49	88.7409	1986.00
EPH-PT-2-110-002.jpg	355	89	65.6986	41	38.384	30	86.3704	1986.00
EPH-PT-2-111-002.jpg	357	82	72.0292	51	47.5241	29	71.2887	1986.00
EPH-PT-2-112-002.jpg	359	161	78.5464	36	47.6738	137	79.4616	1986.00
EPH-PT-2-113-002.jpg	361	170	72.9312	32	57.9989	42	80.7576	1986.00
EPH-PT-2-114-002.jpg	363	176	75.6034	30	35.6814	70	68.8737	1986.00
EPH-PT-2-115-002.jpg	365	180	71.5577	32	54.7604	122	80.3835	1986.00
EPH-PT-2-116-002.jpg	367	169	71.5574	60	63.4218	31	89.2479	1986.00
EPH-PT-2-117-002.jpg	369	125	73.1389	37	54.7802	49	83.3685	1986.00
EPH-PT-2-118-002.jpg	371	65	74.015	27	43.984	135	75.9682	1986.00
EPH-PT-2-119-002.jpg	373	109	70.7324	33	54.6194	42	92.4626	1986.00
EPH-PT-2-12-002.jpg	375	199	79.884	10	50.5347	42	89.6244	1986.00
EPH-PT-2-120-002.jpg	377	83	69.6661	29	42.1314	155	85.2797	1993.00
EPH-PT-2-121-002.jpg	379	170	66.701	36	70.3059	149	85.6686	2006.00
